410.1041046101148 492.4189550846019
811.1830976322163 658.4728618605611
850.5086795018829 330.658244060289
816.0355891896616 806.0873522443659
868.2324854210719 629.4131628011115
226.4653812633222 723.7791089952706
913.6708848623996 114.0931730362666
169.9638288048733 556.8247186681909
567.6414803220342 515.0661253371047
884.3971888425053 879.8723970867026
67.97516784771096 605.8565555328859
473.9692668130377 135.9873789232693
337.1393503224678 732.8325322589673
706.2025767331199 94.67887277913766
593.3135794796432 390.2580883380009
519.4126621525256 487.1150809256659
33.22959556627181 788.4321010824463
792.8725451488019 515.1160883987034
713.6362404849972 371.5911988936047
288.2794751052098 239.7260444269491
132.4156867548478 916.0169021517868
354.8745764623713 382.561664599788
549.4759724200875 264.2888704864452
461.3516604700121 582.6027973061299
706.9800360372451 997.2760883668431
632.1561681496446 264.2969733750076
491.1694291200577 161.7406708869524
765.084762709207 28.52603015792576
660.2762784438718 108.1368887044183
352.8320772547666 142.1928063517295
303.9160586295689 865.6887649043821
782.7937897761808 830.56416069419
939.1497757993051 321.3558584020735
839.8569160327748 161.1501418602228
166.3678649562206 129.788021654526
861.1620832143601 890.072599093734
849.8389066460985 877.4449073386274
11.03110476962232 645.4863351139029
303.4225490428799 113.7626474569988
288.1460259304001 458.5176532840074
548.5395946623723 887.9317184832345
547.670522034497 331.0184523188495
260.8191344416944 131.8124594331611
26.65814827507385 989.0479149223987
536.0659219014807 603.8411281902743
819.836088450739 223.9823636641538
646.6530311860923 810.3587417932919
530.7777476808222 818.057904629091
787.9602370667849 714.2898293324147
198.9272341725341 140.1397862762501
983.2345354253603 616.813920547921
164.2931761921083 919.5684029495235
838.7024815261108 699.3044353508926
890.9187395277168 211.150952584751
986.4174676064814 994.0354418920397
250.0288871299079 60.65699743809261
93.00407584146187 936.9681021372962
838.0726737346971 341.6744859790261
885.1974488904953 223.0544654050524
855.0160673812032 844.2893354893544
339.888773684978 818.7832869793133
278.8285516941642 498.142696565252
666.8647885994512 779.1862244381729
476.7440031631451 163.6963436021244
981.6465698839298 437.6941523883766
540.9701963891039 397.1169940764588
488.1427314756115 674.8074983055101
360.5120370108235 607.3185925302403
334.2420704167843 889.9628773073132
224.6037641595699 423.9303783248376
274.1384983047854 569.2653979907541
468.8359554925166 876.307911337747
631.6856024374699 966.9847420683983
817.9341056114494 166.66349248771
618.3651940660233 463.678593148918
274.6025160205747 25.46897081122035
232.0420143615343 976.5829466193487
791.8411391356431 988.1841360685495
438.281686806101 265.2504445744732
314.8620788098062 647.5759812747106
502.0249050865992 91.53184177122054
426.2096484993003 672.0918519266088
840.912985592287 946.2385566041927
333.1512617007037 856.8135117691453
486.5043239688158 797.6440918735606
392.9336921554863 320.9026126995611
716.3782925858418 575.4547152476177
279.0742762048421 276.4463941347473
491.3650367031665 750.8170059040347
996.2667287663265 176.3413976144039
419.1756798351906 83.89972783951372
337.5074388961241 565.5576882901347
63.62810272975828 262.9280119470425
763.9257616421582 334.1764895232653
542.5935406636844 752.6916786389369
411.88954025196 918.2270274548845
601.6849823095827 476.2082927409401
906.0038753771205 84.02589346691957
545.9173217481961 672.9082193994579
534.6791536110751 949.4474067341896
